[1.0, 1.261802575107296, 1.497854077253219]
[1.0, 1.261802575107296, 11.991416309012875]
[1.0, 2.51931330472103, 11.991416309012875]
[1.0, 5.042918454935623, 11.991416309012875]
[1.0, 10.081545064377682, 11.991416309012875]
[1.0, 1.5850340136054422, 9.503401360544217]
[1.0, 1.259656652360515, 5.9957081545064375]
[1.0, 2.5214592274678114, 5.9957081545064375]
[1.0, 5.040772532188841, 5.9957081545064375]
[1.0, 3.1700680272108843, 9.503401360544217]
[1.0, 1.5877342419080067, 4.759795570698467]
[1.0, 1.261802575107296, 2.995708154506438]
[1.0, 1.2607296137339057, 2.9978540772532187]
[1.0, 2.5203862660944205, 2.9978540772532187]
[1.0, 1.2595174262734585, 1.4981233243967829]
[1.0, 2.5128205128205128, 2.982905982905983]
[1.0, 1.259656652360515, 1.497854077253219]
[1.0, 1.261802575107296, 5.9957081545064375]
[1.0, 2.51931330472103, 5.9957081545064375]
[1.0, 1.259656652360515, 2.9978540772532187]
[1.0, 5.042918454935623, 5.9957081545064375]
[1.0, 1.2607296137339057, 1.4989270386266094]
[1.0, 1.259090909090909, 1.5]
[1.0, 1.259090909090909, 11.986363636363636]
[1.0, 2.518181818181818, 11.986363636363636]
[1.0, 5.040909090909091, 11.986363636363636]
[1.0, 10.081818181818182, 11.986363636363636]
[1.0, 1.5884476534296028, 9.51985559566787]
[1.0, 1.259090909090909, 5.993181818181818]
[1.0, 2.5204545454545455, 5.993181818181818]
[1.0, 5.040909090909091, 5.993181818181818]
[1.0, 3.1768953068592056, 9.51985559566787]
[1.0, 1.5884476534296028, 4.759927797833935]
[1.0, 1.259090909090909, 2.9954545454545456]
[1.0, 1.2602272727272728, 2.996590909090909]
[1.0, 2.5204545454545455, 2.996590909090909]
[1.0, 1.2602272727272728, 1.4982954545454545]
[1.0, 2.518181818181818, 3.0]
[1.0, 1.259090909090909, 1.4977272727272728]
[1.0, 1.259090909090909, 5.990909090909091]
[1.0, 2.518181818181818, 5.990909090909091]
[1.0, 1.259090909090909, 2.9954545454545456]
[1.0, 5.040909090909091, 5.990909090909091]
[1.0, 1.2602272727272728, 1.4977272727272728]
[1.0, 1.2591093117408907, 1.4979757085020242]
[1.0, 1.2591093117408907, 11.983805668016194]
[1.0, 2.5182186234817814, 11.983805668016194]
[1.0, 5.036437246963563, 11.983805668016194]
[1.0, 10.076923076923077, 11.983805668016194]
[1.0, 1.5884244372990353, 9.517684887459808]
[1.0, 1.2591093117408907, 5.991902834008097]
[1.0, 2.5182186234817814, 5.991902834008097]
[1.0, 5.038461538461538, 5.991902834008097]
[1.0, 3.1768488745980705, 9.517684887459808]
[1.0, 1.5884244372990353, 4.758842443729904]
[1.0, 1.2591093117408907, 2.9959514170040484]
[1.0, 1.2591093117408907, 2.9959514170040484]
[1.0, 2.519230769230769, 2.9959514170040484]
[1.0, 1.2596153846153846, 1.4979757085020242]
[1.0, 2.5080645161290325, 2.9838709677419355]
[1.0, 1.2591093117408907, 1.4979757085020242]
[1.0, 1.2591093117408907, 5.991902834008097]
[1.0, 2.5182186234817814, 5.991902834008097]
[1.0, 1.2591093117408907, 2.9959514170040484]
[1.0, 5.036437246963563, 5.991902834008097]
[1.0, 1.2591093117408907, 1.4979757085020242]
[1.0, 1.259927797833935, 1.4981949458483754]
[1.0, 1.259927797833935, 11.99638989169675]
[1.0, 2.51985559566787, 11.992779783393502]
[1.0, 5.03971119133574, 11.992779783393502]
[1.0, 10.126811594202898, 12.039855072463768]
[1.0, 1.582857142857143, 9.491428571428571]
[1.0, 1.259927797833935, 5.996389891696751]
[1.0, 2.51985559566787, 5.996389891696751]
[1.0, 5.03971119133574, 5.996389891696751]
[1.0, 3.1685714285714286, 9.494285714285715]
[1.0, 1.586552217453505, 4.752503576537912]
[1.0, 1.259927797833935, 3.0]
[1.0, 1.259927797833935, 2.9981949458483754]
[1.0, 2.519386834986474, 2.9954914337240757]
[1.0, 1.2607126747857464, 1.498421290031574]
[1.0, 2.5107913669064748, 2.985611510791367]
[1.0, 1.259927797833935, 1.4981949458483754]
[1.0, 1.259927797833935, 5.996389891696751]
[1.0, 2.51985559566787, 5.996389891696751]
[1.0, 1.259927797833935, 2.9981949458483754]
[1.0, 5.03971119133574, 5.996389891696751]
[1.0, 1.259927797833935, 1.4990974729241877]
[1.0, 1.2595419847328244, 1.4961832061068703]
[1.0, 1.2595419847328244, 11.969465648854962]
[1.0, 2.515267175572519, 11.969465648854962]
[1.0, 5.030534351145038, 11.969465648854962]
[1.0, 10.064885496183207, 11.969465648854962]
[1.0, 1.584848484848485, 9.503030303030304]
[1.0, 1.260038240917782, 5.996175908221797]
[1.0, 2.520076481835564, 5.996175908221797]
[1.0, 5.042065009560229, 5.996175908221797]
[1.0, 3.16969696969697, 9.503030303030304]
[1.0, 1.5872534142640364, 4.758725341426404]
[1.0, 1.2595419847328244, 2.9923664122137406]
[1.0, 1.260038240917782, 2.9980879541108987]
[1.0, 2.5210325047801145, 2.9980879541108987]
[1.0, 1.259913999044434, 1.4983277591973243]
[1.0, 2.519083969465649, 2.9923664122137406]
[1.0, 1.260038240917782, 1.4990439770554493]
[1.0, 1.2595419847328244, 5.984732824427481]
[1.0, 2.515267175572519, 5.984732824427481]
[1.0, 1.260038240917782, 2.9980879541108987]
[1.0, 5.030534351145038, 5.984732824427481]
[1.0, 1.260038240917782, 1.4990439770554493]
[1.0, 1.257234726688103, 1.4983922829581993]
[1.0, 1.2604501607717042, 11.993569131832798]
[1.0, 2.517684887459807, 11.993569131832798]
[1.0, 5.041800643086817, 11.993569131832798]
[1.0, 10.148867313915858, 12.071197411003237]
[1.0, 1.586734693877551, 9.51530612244898]
[1.0, 1.2588424437299035, 5.996784565916399]
[1.0, 2.5192926045016075, 5.995176848874598]
[1.0, 5.040192926045016, 5.995176848874598]
[1.0, 3.1760204081632653, 9.51530612244898]
[1.0, 1.586734693877551, 4.7563775510204085]
[1.0, 1.2604501607717042, 3.0]
[1.0, 1.2604501607717042, 2.997588424437299]
[1.0, 2.5217041800643085, 2.997588424437299]
[1.0, 1.2608520900321543, 1.4987942122186495]
[1.0, 2.5128205128205128, 2.9871794871794872]
[1.0, 1.2588424437299035, 1.5]
[1.0, 1.257234726688103, 5.996784565916399]
[1.0, 2.517684887459807, 5.996784565916399]
[1.0, 1.2588424437299035, 2.9983922829581995]
[1.0, 5.038585209003215, 5.996784565916399]
[1.0, 1.2578313253012048, 1.497991967871486]
[1.0, 1.2585034013605443, 1.4965986394557824]
[1.0, 1.2551020408163265, 11.976190476190476]
[1.0, 2.5136054421768708, 11.97278911564626]
[1.0, 5.030612244897959, 11.97278911564626]
[1.0, 10.14041095890411, 12.058219178082192]
[1.0, 1.5864864864864865, 9.513513513513514]
[1.0, 1.2589437819420783, 5.996592844974447]
[1.0, 2.5195911413969334, 5.996592844974447]
[1.0, 5.051194539249146, 6.010238907849829]
[1.0, 3.175675675675676, 9.513513513513514]
[1.0, 1.5864864864864865, 4.756756756756757]
[1.0, 1.2585034013605443, 2.993197278911565]
[1.0, 1.2597955706984667, 2.9974446337308347]
[1.0, 2.5212947189097106, 2.9974446337308347]
[1.0, 1.260221465076661, 1.4987223168654173]
[1.0, 2.5170068027210886, 2.993197278911565]
[1.0, 1.2589437819420783, 1.4991482112436116]
[1.0, 1.2585034013605443, 5.98639455782313]
[1.0, 2.5136054421768708, 5.98639455782313]
[1.0, 1.2589437819420783, 2.9982964224872233]
[1.0, 5.030612244897959, 5.98639455782313]
[1.0, 1.2587234042553193, 1.4978723404255319]
[1.0, 1.2575757575757576, 1.496969696969697]
[1.0, 1.2613981762917934, 12.009118541033434]
[1.0, 2.518181818181818, 11.972727272727273]
[1.0, 5.051671732522796, 12.009118541033434]
[1.0, 10.06969696969697, 11.972727272727273]
[1.0, 1.5841346153846154, 9.5]
[1.0, 1.25948406676783, 5.995447647951441]
[1.0, 2.520485584218513, 5.993930197268589]
[1.0, 5.050151975683891, 6.004559270516717]
[1.0, 3.170673076923077, 9.5]
[1.0, 1.5879518072289156, 4.760240963855422]
[1.0, 1.2545454545454546, 2.993939393939394]
[1.0, 1.2602427921092565, 2.9969650986342944]
[1.0, 2.520485584218513, 2.9969650986342944]
[1.0, 1.2602427921092565, 1.4984825493171472]
[1.0, 2.515151515151515, 2.993939393939394]
[1.0, 1.2579666160849772, 1.4992412746585735]
[1.0, 1.2545454545454546, 5.984848484848484]
[1.0, 2.512121212121212, 5.987878787878788]
[1.0, 1.25948406676783, 2.998482549317147]
[1.0, 5.064024390243903, 6.024390243902439]
[1.0, 1.2600454890068233, 1.4981046247156937]
[1.0, 1.2594594594594595, 1.4972972972972973]
[1.0, 1.2594594594594595, 11.989189189189188]
[1.0, 2.518918918918919, 11.989189189189188]
[1.0, 5.037837837837838, 11.989189189189188]
[1.0, 10.08108108108108, 11.989189189189188]
[1.0, 1.5879828326180256, 9.51931330472103]
[1.0, 1.2594594594594595, 5.994594594594594]
[1.0, 2.518918918918919, 5.994594594594594]
[1.0, 5.04054054054054, 5.994594594594594]
[1.0, 3.1759656652360513, 9.51931330472103]
[1.0, 1.5879828326180256, 4.759656652360515]
[1.0, 1.2594594594594595, 2.9945945945945946]
[1.0, 1.2594594594594595, 2.997297297297297]
[1.0, 2.52027027027027, 2.997297297297297]
[1.0, 1.260135135135135, 1.4986486486486486]
[1.0, 2.532608695652174, 3.010869565217391]
[1.0, 1.2594594594594595, 1.4972972972972973]
[1.0, 1.2594594594594595, 5.994594594594594]
[1.0, 2.518918918918919, 5.994594594594594]
[1.0, 1.2594594594594595, 2.997297297297297]
[1.0, 5.037837837837838, 5.994594594594594]
[1.0, 1.2594594594594595, 1.4986486486486486]
[1.0, 1.2607449856733524, 1.498567335243553]
[1.0, 1.2607449856733524, 11.994269340974212]
[1.0, 2.5214899713467047, 11.994269340974212]
[1.0, 5.042979942693409, 11.994269340974212]
[1.0, 10.085959885386819, 11.994269340974212]
[1.0, 1.5863636363636364, 9.513636363636364]
[1.0, 1.2607449856733524, 5.997134670487106]
[1.0, 2.5214899713467047, 5.997134670487106]
[1.0, 5.042979942693409, 5.997134670487106]
[1.0, 3.175, 9.513636363636364]
[1.0, 1.5875, 4.756818181818182]
[1.0, 1.2607449856733524, 2.997134670487106]
[1.0, 1.2598425196850394, 2.996420901932713]
[1.0, 2.5196850393700787, 2.996420901932713]
[1.0, 1.2598425196850394, 1.4982104509663565]
[1.0, 2.5142857142857142, 2.9885714285714284]
[1.0, 1.2607449856733524, 1.498567335243553]
[1.0, 1.2607449856733524, 5.997134670487106]
[1.0, 2.5214899713467047, 5.997134670487106]
[1.0, 1.2607449856733524, 2.998567335243553]
[1.0, 5.042979942693409, 5.997134670487106]
[1.0, 1.2598425196850394, 1.4982104509663565]
[1.0, 1.2596153846153846, 1.4951923076923077]
[1.0, 1.2596153846153846, 11.966346153846153]
[1.0, 2.514423076923077, 11.966346153846153]
[1.0, 5.028846153846154, 11.966346153846153]
[1.0, 10.0625, 11.966346153846153]
[1.0, 1.583969465648855, 9.5]
[1.0, 1.2602409638554217, 5.997590361445783]
[1.0, 2.5204819277108435, 5.997590361445783]
[1.0, 5.043373493975904, 5.997590361445783]
[1.0, 3.1717557251908395, 9.5]
[1.0, 1.5889101338432123, 4.759082217973232]
[1.0, 1.2596153846153846, 2.9903846153846154]
[1.0, 1.2587244283995187, 2.9951865222623346]
[1.0, 2.5186522262334536, 2.9951865222623346]
[1.0, 1.260084286574353, 1.4984948826008428]
[1.0, 2.519230769230769, 2.9903846153846154]
[1.0, 1.2602409638554217, 1.4987951807228916]
[1.0, 1.2596153846153846, 5.980769230769231]
[1.0, 2.514423076923077, 5.980769230769231]
[1.0, 1.2602409638554217, 2.9975903614457833]
[1.0, 5.028846153846154, 5.980769230769231]
[1.0, 1.2587244283995187, 1.4969915764139592]
[1.0, 1.260204081632653, 1.5]
[1.0, 1.260204081632653, 11.98469387755102]
[1.0, 2.520408163265306, 11.98469387755102]
[1.0, 5.040816326530612, 11.98469387755102]
[1.0, 10.081632653061224, 11.98469387755102]
[1.0, 1.5870445344129556, 9.510121457489879]
[1.0, 1.260204081632653, 5.99234693877551]
[1.0, 2.520408163265306, 5.99234693877551]
[1.0, 5.040816326530612, 5.99234693877551]
[1.0, 3.174089068825911, 9.510121457489879]
[1.0, 1.5870445344129556, 4.755060728744939]
[1.0, 1.260204081632653, 2.9948979591836733]
[1.0, 1.260204081632653, 2.996173469387755]
[1.0, 2.520408163265306, 2.996173469387755]
[1.0, 1.260204081632653, 1.4980867346938775]
[1.0, 2.520408163265306, 3.0]
[1.0, 1.260204081632653, 1.4974489795918366]
[1.0, 1.260204081632653, 5.994897959183674]
[1.0, 2.520408163265306, 5.994897959183674]
[1.0, 1.260204081632653, 2.997448979591837]
[1.0, 5.040816326530612, 5.994897959183674]
[1.0, 1.260204081632653, 1.4987244897959184]
